363
  -0.74246212    0.38890873
  -0.56568542    0.56568542
  -0.56321178    0.56814830
  -0.56072741    0.57060036
  -0.55823237    0.57304155
  -0.55572670    0.57547184
  -0.55321044    0.57789117
  -0.55068366    0.58029950
  -0.54814639    0.58269678
  -0.54559869    0.58508296
  -0.54304060    0.58745801
  -0.54047217    0.58982187
  -0.53789345    0.59217450
  -0.53530449    0.59451586
  -0.53270533    0.59684590
  -0.53009604    0.59916458
  -0.52747665    0.60147185
  -0.52484722    0.60376766
  -0.52220780    0.60605199
  -0.51955844    0.60832477
  -0.51689918    0.61058598
  -0.51423009    0.61283555
  -0.51155120    0.61507347
  -0.50886258    0.61729967
  -0.50616426    0.61951412
  -0.50345631    0.62171677
  -0.50073878    0.62390759
  -0.49801171    0.62608653
  -0.49527516    0.62825354
  -0.49252918    0.63040860
  -0.48977382    0.63255166
  -0.48700914    0.63468267
  -0.48423519    0.63680160
  -0.48145202    0.63890841
  -0.47865968    0.64100305
  -0.47585823    0.64308549
  -0.47304772    0.64515568
  -0.47022820    0.64721360
  -0.46739973    0.64925919
  -0.46456236    0.65129241
  -0.46171615    0.65331324
  -0.45886115    0.65532164
  -0.45599741    0.65731755
  -0.45312499    0.65930095
  -0.45024394    0.66127180
  -0.44735432    0.66323006
  -0.44445619    0.66517569
  -0.44154959    0.66710866
  -0.43863458    0.66902892
  -0.43571123    0.67093645
  -0.43277958    0.67283121
  -0.42983969    0.67471316
  -0.42689161    0.67658226
  -0.42393541    0.67843848
  -0.42097114    0.68028178
  -0.41799885    0.68211213
  -0.41501861    0.68392950
  -0.41203046    0.68573384
  -0.40903447    0.68752513
  -0.40603069    0.68930333
  -0.40301918    0.69106840
  -0.40000000    0.69282032
  -0.39697320    0.69455905
  -0.39393885    0.69628456
  -0.39089699    0.69799681
  -0.38784770    0.69969577
  -0.38479102    0.70138140
  -0.38172701    0.70305369
  -0.37865573    0.70471259
  -0.37557725    0.70635807
  -0.37249162    0.70799011
  -0.36939889    0.70960867
  -0.36629913    0.71121371
  -0.36319240    0.71280522
  -0.36007875    0.71438315
  -0.35695825    0.71594749
  -0.35383095    0.71749819
  -0.35069692    0.71903524
  -0.34755621    0.72055859
  -0.34440888    0.72206823
  -0.34125499    0.72356412
  -0.33809461    0.72504623
  -0.33492779    0.72651454
  -0.33175459    0.72796902
  -0.32857508    0.72940963
  -0.32538931    0.73083637
  -0.32219735    0.73224918
  -0.31899926    0.73364806
  -0.31579509    0.73503297
  -0.31258490    0.73640388
  -0.30936877    0.73776078
  -0.30614675    0.73910363
  -0.30291889    0.74043240
  -0.29968527    0.74174708
  -0.29644595    0.74304764
  -0.29320098    0.74433405
  -0.28995043    0.74560630
  -0.28669436    0.74686434
  -0.28343283    0.74810817
  -0.28016591    0.74933775
  -0.27689365    0.75055307
  -0.27361611    0.75175410
  -0.27033337    0.75294081
  -0.26704549    0.75411319
  -0.26375252    0.75527122
  -0.26045452    0.75641486
  -0.25715157    0.75754410
  -0.25384373    0.75865892
  -0.25053105    0.75975930
  -0.24721360    0.76084521
  -0.24389144    0.76191664
  -0.24056464    0.76297356
  -0.23723326    0.76401596
  -0.23389736    0.76504380
  -0.23055701    0.76605709
  -0.22721228    0.76705579
  -0.22386321    0.76803988
  -0.22050988    0.76900936
  -0.21715236    0.76996419
  -0.21379070    0.77090436
  -0.21042497    0.77182986
  -0.20705524    0.77274066
  -0.20368156    0.77363675
  -0.20030400    0.77451811
  -0.19692263    0.77538473
  -0.19353752    0.77623658
  -0.19014871    0.77707366
  -0.18675629    0.77789594
  -0.18336031    0.77870341
  -0.17996084    0.77949605
  -0.17655795    0.78027386
  -0.17315169    0.78103681
  -0.16974214    0.78178489
  -0.16632935    0.78251808
  -0.16291340    0.78323638
  -0.15949435    0.78393976
  -0.15607226    0.78462822
  -0.15264720    0.78530175
  -0.14921923    0.78596032
  -0.14578842    0.78660393
  -0.14235484    0.78723256
  -0.13891854    0.78784620
  -0.13547960    0.78844485
  -0.13203808    0.78902848
  -0.12859405    0.78959709
  -0.12514757    0.79015067
  -0.12169871    0.79068921
  -0.11824753    0.79121269
  -0.11479410    0.79172111
  -0.11133848    0.79221445
  -0.10788074    0.79269272
  -0.10442095    0.79315589
  -0.10095918    0.79360396
  -0.09749547    0.79403692
  -0.09402992    0.79445477
  -0.09056257    0.79485748
  -0.08709350    0.79524507
  -0.08362277    0.79561752
  -0.08015045    0.79597481
  -0.07667660    0.79631696
  -0.07320129    0.79664394
  -0.06972459    0.79695576
  -0.06624657    0.79725240
  -0.06276728    0.79753387
  -0.05928679    0.79780015
  -0.05580518    0.79805124
  -0.05232250    0.79828714
  -0.04883883    0.79850784
  -0.04535423    0.79871334
  -0.04186876    0.79890363
  -0.03838250    0.79907871
  -0.03489551    0.79923858
  -0.03140785    0.79938323
  -0.02791960    0.79951266
  -0.02443081    0.79962687
  -0.02094156    0.79972586
  -0.01745191    0.79980962
  -0.01396193    0.79987816
  -0.01047168    0.79993146
  -0.00698123    0.79996954
  -0.00349065    0.79999238
   0.00000000    0.80000000
   0.00349065    0.79999238
   0.00698123    0.79996954
   0.01047168    0.79993146
   0.01396193    0.79987816
   0.01745191    0.79980962
   0.02094156    0.79972586
   0.02443081    0.79962687
   0.02791960    0.79951266
   0.03140785    0.79938323
   0.03489551    0.79923858
   0.03838250    0.79907871
   0.04186876    0.79890363
   0.04535423    0.79871334
   0.04883883    0.79850784
   0.05232250    0.79828714
   0.05580518    0.79805124
   0.05928679    0.79780015
   0.06276728    0.79753387
   0.06624657    0.79725240
   0.06972459    0.79695576
   0.07320129    0.79664394
   0.07667660    0.79631696
   0.08015045    0.79597481
   0.08362277    0.79561752
   0.08709350    0.79524507
   0.09056257    0.79485748
   0.09402992    0.79445477
   0.09749547    0.79403692
   0.10095918    0.79360396
   0.10442095    0.79315589
   0.10788074    0.79269272
   0.11133848    0.79221445
   0.11479410    0.79172111
   0.11824753    0.79121269
   0.12169871    0.79068921
   0.12514757    0.79015067
   0.12859405    0.78959709
   0.13203808    0.78902848
   0.13547960    0.78844485
   0.13891854    0.78784620
   0.14235484    0.78723256
   0.14578842    0.78660393
   0.14921923    0.78596032
   0.15264720    0.78530175
   0.15607226    0.78462822
   0.15949435    0.78393976
   0.16291340    0.78323638
   0.16632935    0.78251808
   0.16974214    0.78178489
   0.17315169    0.78103681
   0.17655795    0.78027386
   0.17996084    0.77949605
   0.18336031    0.77870341
   0.18675629    0.77789594
   0.19014871    0.77707366
   0.19353752    0.77623658
   0.19692263    0.77538473
   0.20030400    0.77451811
   0.20368156    0.77363675
   0.20705524    0.77274066
   0.21042497    0.77182986
   0.21379070    0.77090436
   0.21715236    0.76996419
   0.22050988    0.76900936
   0.22386321    0.76803988
   0.22721228    0.76705579
   0.23055701    0.76605709
   0.23389736    0.76504380
   0.23723326    0.76401596
   0.24056464    0.76297356
   0.24389144    0.76191664
   0.24721360    0.76084521
   0.25053105    0.75975930
   0.25384373    0.75865892
   0.25715157    0.75754410
   0.26045452    0.75641486
   0.26375252    0.75527122
   0.26704549    0.75411319
   0.27033337    0.75294081
   0.27361611    0.75175410
   0.27689365    0.75055307
   0.28016591    0.74933775
   0.28343283    0.74810817
   0.28669436    0.74686434
   0.28995043    0.74560630
   0.29320098    0.74433405
   0.29644595    0.74304764
   0.29968527    0.74174708
   0.30291889    0.74043240
   0.30614675    0.73910363
   0.30936877    0.73776078
   0.31258490    0.73640388
   0.31579509    0.73503297
   0.31899926    0.73364806
   0.32219735    0.73224918
   0.32538931    0.73083637
   0.32857508    0.72940963
   0.33175459    0.72796902
   0.33492779    0.72651454
   0.33809461    0.72504623
   0.34125499    0.72356412
   0.34440888    0.72206823
   0.34755621    0.72055859
   0.35069692    0.71903524
   0.35383095    0.71749819
   0.35695825    0.71594749
   0.36007875    0.71438315
   0.36319240    0.71280522
   0.36629913    0.71121371
   0.36939889    0.70960867
   0.37249162    0.70799011
   0.37557725    0.70635807
   0.37865573    0.70471259
   0.38172701    0.70305369
   0.38479102    0.70138140
   0.38784770    0.69969577
   0.39089699    0.69799681
   0.39393885    0.69628456
   0.39697320    0.69455905
   0.40000000    0.69282032
   0.40301918    0.69106840
   0.40603069    0.68930333
   0.40903447    0.68752513
   0.41203046    0.68573384
   0.41501861    0.68392950
   0.41799885    0.68211213
   0.42097114    0.68028178
   0.42393541    0.67843848
   0.42689161    0.67658226
   0.42983969    0.67471316
   0.43277958    0.67283121
   0.43571123    0.67093645
   0.43863458    0.66902892
   0.44154959    0.66710866
   0.44445619    0.66517569
   0.44735432    0.66323006
   0.45024394    0.66127180
   0.45312499    0.65930095
   0.45599741    0.65731755
   0.45886115    0.65532164
   0.46171615    0.65331324
   0.46456236    0.65129241
   0.46739973    0.64925919
   0.47022820    0.64721360
   0.47304772    0.64515568
   0.47585823    0.64308549
   0.47865968    0.64100305
   0.48145202    0.63890841
   0.48423519    0.63680160
   0.48700914    0.63468267
   0.48977382    0.63255166
   0.49252918    0.63040860
   0.49527516    0.62825354
   0.49801171    0.62608653
   0.50073878    0.62390759
   0.50345631    0.62171677
   0.50616426    0.61951412
   0.50886258    0.61729967
   0.51155120    0.61507347
   0.51423009    0.61283555
   0.51689918    0.61058598
   0.51955844    0.60832477
   0.52220780    0.60605199
   0.52484722    0.60376766
   0.52747665    0.60147185
   0.53009604    0.59916458
   0.53270533    0.59684590
   0.53530449    0.59451586
   0.53789345    0.59217450
   0.54047217    0.58982187
   0.54304060    0.58745801
   0.54559869    0.58508296
   0.54814639    0.58269678
   0.55068366    0.58029950
   0.55321044    0.57789117
   0.55572670    0.57547184
   0.55823237    0.57304155
   0.56072741    0.57060036
   0.56321178    0.56814830
   0.56568542    0.56568542
   0.74246212    0.38890873
363
  -0.88388348    0.53033009
  -0.70710678    0.70710678
  -0.70401472    0.71018538
  -0.70090926    0.71325045
  -0.69779046    0.71630194
  -0.69465837    0.71933980
  -0.69151306    0.72236396
  -0.68835458    0.72537437
  -0.68518299    0.72837097
  -0.68199836    0.73135370
  -0.67880075    0.73432251
  -0.67559021    0.73727734
  -0.67236681    0.74021813
  -0.66913061    0.74314483
  -0.66588167    0.74605738
  -0.66262005    0.74895572
  -0.65934582    0.75183981
  -0.65605903    0.75470958
  -0.65275975    0.75756498
  -0.64944805    0.76040597
  -0.64612398    0.76323247
  -0.64278761    0.76604444
  -0.63943900    0.76884183
  -0.63607822    0.77162458
  -0.63270533    0.77439264
  -0.62932039    0.77714596
  -0.62592347    0.77988448
  -0.62251464    0.78260816
  -0.61909395    0.78531693
  -0.61566148    0.78801075
  -0.61221728    0.79068957
  -0.60876143    0.79335334
  -0.60529399    0.79600200
  -0.60181502    0.79863551
  -0.59832460    0.80125381
  -0.59482279    0.80385686
  -0.59130965    0.80644460
  -0.58778525    0.80901699
  -0.58424967    0.81157398
  -0.58070296    0.81411552
  -0.57714519    0.81664156
  -0.57357644    0.81915204
  -0.56999676    0.82164694
  -0.56640624    0.82412619
  -0.56280493    0.82658975
  -0.55919290    0.82903757
  -0.55557023    0.83146961
  -0.55193699    0.83388582
  -0.54829323    0.83628616
  -0.54463904    0.83867057
  -0.54097447    0.84103901
  -0.53729961    0.84339145
  -0.53361452    0.84572782
  -0.52991926    0.84804810
  -0.52621392    0.85035222
  -0.52249856    0.85264016
  -0.51877326    0.85491187
  -0.51503807    0.85716730
  -0.51129309    0.85940641
  -0.50753836    0.86162916
  -0.50377398    0.86383551
  -0.50000000    0.86602540
  -0.49621650    0.86819881
  -0.49242356    0.87035570
  -0.48862124    0.87249601
  -0.48480962    0.87461971
  -0.48098877    0.87672676
  -0.47715876    0.87881711
  -0.47331967    0.88089074
  -0.46947156    0.88294759
  -0.46561452    0.88498764
  -0.46174861    0.88701083
  -0.45787392    0.88901714
  -0.45399050    0.89100652
  -0.45009844    0.89297894
  -0.44619781    0.89493436
  -0.44228869    0.89687274
  -0.43837115    0.89879405
  -0.43444526    0.90069824
  -0.43051110    0.90258528
  -0.42656874    0.90445515
  -0.42261826    0.90630779
  -0.41865974    0.90814317
  -0.41469324    0.90996127
  -0.41071885    0.91176204
  -0.40673664    0.91354546
  -0.40274669    0.91531148
  -0.39874907    0.91706007
  -0.39474386    0.91879121
  -0.39073113    0.92050485
  -0.38671096    0.92220097
  -0.38268343    0.92387953
  -0.37864862    0.92554050
  -0.37460659    0.92718385
  -0.37055744    0.92880955
  -0.36650123    0.93041757
  -0.36243804    0.93200787
  -0.35836795    0.93358043
  -0.35429104    0.93513521
  -0.35020738    0.93667219
  -0.34611706    0.93819134
  -0.34202014    0.93969262
  -0.33791672    0.94117602
  -0.33380686    0.94264149
  -0.32969065    0.94408902
  -0.32556815    0.94551858
  -0.32143947    0.94693013
  -0.31730466    0.94832366
  -0.31316381    0.94969913
  -0.30901699    0.95105652
  -0.30486430    0.95239580
  -0.30070580    0.95371695
  -0.29654157    0.95501994
  -0.29237170    0.95630476
  -0.28819627    0.95757136
  -0.28401534    0.95881973
  -0.27982901    0.96004985
  -0.27563736    0.96126170
  -0.27144045    0.96245524
  -0.26723838    0.96363045
  -0.26303121    0.96478732
  -0.25881905    0.96592583
  -0.25460195    0.96704594
  -0.25038000    0.96814764
  -0.24615329    0.96923091
  -0.24192190    0.97029573
  -0.23768589    0.97134207
  -0.23344536    0.97236992
  -0.22920039    0.97337926
  -0.22495105    0.97437006
  -0.22069744    0.97534232
  -0.21643961    0.97629601
  -0.21217767    0.97723111
  -0.20791169    0.97814760
  -0.20364175    0.97904547
  -0.19936793    0.97992470
  -0.19509032    0.98078528
  -0.19080900    0.98162718
  -0.18652404    0.98245040
  -0.18223553    0.98325491
  -0.17794355    0.98404070
  -0.17364818    0.98480775
  -0.16934950    0.98555606
  -0.16504761    0.98628560
  -0.16074257    0.98699637
  -0.15643447    0.98768834
  -0.15212339    0.98836151
  -0.14780941    0.98901586
  -0.14349262    0.98965139
  -0.13917310    0.99026807
  -0.13485093    0.99086590
  -0.13052619    0.99144486
  -0.12619897    0.99200495
  -0.12186934    0.99254615
  -0.11753740    0.99306846
  -0.11320321    0.99357186
  -0.10886687    0.99405634
  -0.10452846    0.99452190
  -0.10018806    0.99496852
  -0.09584575    0.99539620
  -0.09150162    0.99580493
  -0.08715574    0.99619470
  -0.08280821    0.99656550
  -0.07845910    0.99691733
  -0.07410849    0.99725019
  -0.06975647    0.99756405
  -0.06540313    0.99785892
  -0.06104854    0.99813480
  -0.05669279    0.99839167
  -0.05233596    0.99862953
  -0.04797813    0.99884839
  -0.04361939    0.99904822
  -0.03925982    0.99922904
  -0.03489950    0.99939083
  -0.03053851    0.99953359
  -0.02617695    0.99965732
  -0.02181489    0.99976203
  -0.01745241    0.99984770
  -0.01308960    0.99991433
  -0.00872654    0.99996192
  -0.00436331    0.99999048
   0.00000000    1.00000000
   0.00436331    0.99999048
   0.00872654    0.99996192
   0.01308960    0.99991433
   0.01745241    0.99984770
   0.02181489    0.99976203
   0.02617695    0.99965732
   0.03053851    0.99953359
   0.03489950    0.99939083
   0.03925982    0.99922904
   0.04361939    0.99904822
   0.04797813    0.99884839
   0.05233596    0.99862953
   0.05669279    0.99839167
   0.06104854    0.99813480
   0.06540313    0.99785892
   0.06975647    0.99756405
   0.07410849    0.99725019
   0.07845910    0.99691733
   0.08280821    0.99656550
   0.08715574    0.99619470
   0.09150162    0.99580493
   0.09584575    0.99539620
   0.10018806    0.99496852
   0.10452846    0.99452190
   0.10886687    0.99405634
   0.11320321    0.99357186
   0.11753740    0.99306846
   0.12186934    0.99254615
   0.12619897    0.99200495
   0.13052619    0.99144486
   0.13485093    0.99086590
   0.13917310    0.99026807
   0.14349262    0.98965139
   0.14780941    0.98901586
   0.15212339    0.98836151
   0.15643447    0.98768834
   0.16074257    0.98699637
   0.16504761    0.98628560
   0.16934950    0.98555606
   0.17364818    0.98480775
   0.17794355    0.98404070
   0.18223553    0.98325491
   0.18652404    0.98245040
   0.19080900    0.98162718
   0.19509032    0.98078528
   0.19936793    0.97992470
   0.20364175    0.97904547
   0.20791169    0.97814760
   0.21217767    0.97723111
   0.21643961    0.97629601
   0.22069744    0.97534232
   0.22495105    0.97437006
   0.22920039    0.97337926
   0.23344536    0.97236992
   0.23768589    0.97134207
   0.24192190    0.97029573
   0.24615329    0.96923091
   0.25038000    0.96814764
   0.25460195    0.96704594
   0.25881905    0.96592583
   0.26303121    0.96478732
   0.26723838    0.96363045
   0.27144045    0.96245524
   0.27563736    0.96126170
   0.27982901    0.96004985
   0.28401534    0.95881973
   0.28819627    0.95757136
   0.29237170    0.95630476
   0.29654157    0.95501994
   0.30070580    0.95371695
   0.30486430    0.95239580
   0.30901699    0.95105652
   0.31316381    0.94969913
   0.31730466    0.94832366
   0.32143947    0.94693013
   0.32556815    0.94551858
   0.32969065    0.94408902
   0.33380686    0.94264149
   0.33791672    0.94117602
   0.34202014    0.93969262
   0.34611706    0.93819134
   0.35020738    0.93667219
   0.35429104    0.93513521
   0.35836795    0.93358043
   0.36243804    0.93200787
   0.36650123    0.93041757
   0.37055744    0.92880955
   0.37460659    0.92718385
   0.37864862    0.92554050
   0.38268343    0.92387953
   0.38671096    0.92220097
   0.39073113    0.92050485
   0.39474386    0.91879121
   0.39874907    0.91706007
   0.40274669    0.91531148
   0.40673664    0.91354546
   0.41071885    0.91176204
   0.41469324    0.90996127
   0.41865974    0.90814317
   0.42261826    0.90630779
   0.42656874    0.90445515
   0.43051110    0.90258528
   0.43444526    0.90069824
   0.43837115    0.89879405
   0.44228869    0.89687274
   0.44619781    0.89493436
   0.45009844    0.89297894
   0.45399050    0.89100652
   0.45787392    0.88901714
   0.46174861    0.88701083
   0.46561452    0.88498764
   0.46947156    0.88294759
   0.47331967    0.88089074
   0.47715876    0.87881711
   0.48098877    0.87672676
   0.48480962    0.87461971
   0.48862124    0.87249601
   0.49242356    0.87035570
   0.49621650    0.86819881
   0.50000000    0.86602540
   0.50377398    0.86383551
   0.50753836    0.86162916
   0.51129309    0.85940641
   0.51503807    0.85716730
   0.51877326    0.85491187
   0.52249856    0.85264016
   0.52621392    0.85035222
   0.52991926    0.84804810
   0.53361452    0.84572782
   0.53729961    0.84339145
   0.54097447    0.84103901
   0.54463904    0.83867057
   0.54829323    0.83628616
   0.55193699    0.83388582
   0.55557023    0.83146961
   0.55919290    0.82903757
   0.56280493    0.82658975
   0.56640624    0.82412619
   0.56999676    0.82164694
   0.57357644    0.81915204
   0.57714519    0.81664156
   0.58070296    0.81411552
   0.58424967    0.81157398
   0.58778525    0.80901699
   0.59130965    0.80644460
   0.59482279    0.80385686
   0.59832460    0.80125381
   0.60181502    0.79863551
   0.60529399    0.79600200
   0.60876143    0.79335334
   0.61221728    0.79068957
   0.61566148    0.78801075
   0.61909395    0.78531693
   0.62251464    0.78260816
   0.62592347    0.77988448
   0.62932039    0.77714596
   0.63270533    0.77439264
   0.63607822    0.77162458
   0.63943900    0.76884183
   0.64278761    0.76604444
   0.64612398    0.76323247
   0.64944805    0.76040597
   0.65275975    0.75756498
   0.65605903    0.75470958
   0.65934582    0.75183981
   0.66262005    0.74895572
   0.66588167    0.74605738
   0.66913061    0.74314483
   0.67236681    0.74021813
   0.67559021    0.73727734
   0.67880075    0.73432251
   0.68199836    0.73135370
   0.68518299    0.72837097
   0.68835458    0.72537437
   0.69151306    0.72236396
   0.69465837    0.71933980
   0.69779046    0.71630194
   0.70090926    0.71325045
   0.70401472    0.71018538
   0.70710678    0.70710678
   0.88388348    0.53033009
