401
   0.00000000    0.00000000
   0.00375000    0.00000000
   0.00750000    0.00000000
   0.01125000    0.00000000
   0.01500000    0.00000000
   0.01875000    0.00000000
   0.02250000    0.00000000
   0.02625000    0.00000000
   0.03000000    0.00000000
   0.03375000    0.00000000
   0.03750000    0.00000000
   0.04125000    0.00000000
   0.04500000    0.00000000
   0.04875000    0.00000000
   0.05250000    0.00000000
   0.05625000    0.00000000
   0.06000000    0.00000000
   0.06375000    0.00000000
   0.06750000    0.00000000
   0.07125000    0.00000000
   0.07500000    0.00000000
   0.07875000    0.00000000
   0.08250000    0.00000000
   0.08625000    0.00000000
   0.09000000    0.00000000
   0.09375000    0.00000000
   0.09750000    0.00000000
   0.10125000    0.00000000
   0.10500000    0.00000000
   0.10875000    0.00000000
   0.11250000    0.00000000
   0.11625000    0.00000000
   0.12000000    0.00000000
   0.12375000    0.00000000
   0.12750000    0.00000000
   0.13125000    0.00000000
   0.13500000    0.00000000
   0.13875000    0.00000000
   0.14250000    0.00000000
   0.14625000    0.00000000
   0.15000000    0.00000000
   0.15375000    0.00000000
   0.15750000    0.00000000
   0.16125000    0.00000000
   0.16500000    0.00000000
   0.16875000    0.00000000
   0.17250000    0.00000000
   0.17625000    0.00000000
   0.18000000    0.00000000
   0.18375000    0.00000000
   0.18750000    0.00000000
   0.19125000    0.00000000
   0.19500000    0.00000000
   0.19875000    0.00000000
   0.20250000    0.00001480
   0.20625000    0.00009248
   0.21000000    0.00023656
   0.21375000    0.00044672
   0.21750000    0.00072250
   0.22125000    0.00106328
   0.22500000    0.00146830
   0.22875000    0.00193668
   0.23250000    0.00246736
   0.23625000    0.00305917
   0.24000000    0.00371080
   0.24375000    0.00442080
   0.24750000    0.00518758
   0.25125000    0.00600946
   0.25500000    0.00688460
   0.25875000    0.00781107
   0.26250000    0.00878680
   0.26625000    0.00980962
   0.27000000    0.01087728
   0.27375000    0.01198739
   0.27750000    0.01313750
   0.28125000    0.01432504
   0.28500000    0.01554739
   0.28875000    0.01680182
   0.29250000    0.01808556
   0.29625000    0.01939575
   0.30000000    0.02072949
   0.30375000    0.02208381
   0.30750000    0.02345570
   0.31125000    0.02484213
   0.31500000    0.02624000
   0.31875000    0.02764623
   0.32250000    0.02905768
   0.32625000    0.03047122
   0.33000000    0.03188372
   0.33375000    0.03329203
   0.33750000    0.03469303
   0.34125000    0.03608362
   0.34500000    0.03746070
   0.34875000    0.03882121
   0.35250000    0.04016214
   0.35625000    0.04148050
   0.36000000    0.04277338
   0.36375000    0.04403789
   0.36750000    0.04527124
   0.37125000    0.04647068
   0.37500000    0.04763356
   0.37875000    0.04875728
   0.38250000    0.04983936
   0.38625000    0.05087738
   0.39000000    0.05186906
   0.39375000    0.05281218
   0.39750000    0.05370465
   0.40125000    0.05454449
   0.40500000    0.05532984
   0.40875000    0.05605895
   0.41250000    0.05673020
   0.41625000    0.05734210
   0.42000000    0.05789329
   0.42375000    0.05838256
   0.42750000    0.05880881
   0.43125000    0.05917110
   0.43500000    0.05946862
   0.43875000    0.05970071
   0.44250000    0.05986686
   0.44625000    0.05996670
   0.45000000    0.06000000
   0.45375000    0.05996670
   0.45750000    0.05986686
   0.46125000    0.05970071
   0.46500000    0.05946862
   0.46875000    0.05917110
   0.47250000    0.05880881
   0.47625000    0.05838256
   0.48000000    0.05789329
   0.48375000    0.05734210
   0.48750000    0.05673020
   0.49125000    0.05605895
   0.49500000    0.05532984
   0.49875000    0.05454449
   0.50250000    0.05370465
   0.50625000    0.05281218
   0.51000000    0.05186906
   0.51375000    0.05087738
   0.51750000    0.04983936
   0.52125000    0.04875728
   0.52500000    0.04763356
   0.52875000    0.04647068
   0.53250000    0.04527124
   0.53625000    0.04403789
   0.54000000    0.04277338
   0.54375000    0.04148050
   0.54750000    0.04016214
   0.55125000    0.03882121
   0.55500000    0.03746070
   0.55875000    0.03608362
   0.56250000    0.03469303
   0.56625000    0.03329203
   0.57000000    0.03188372
   0.57375000    0.03047122
   0.57750000    0.02905768
   0.58125000    0.02764623
   0.58500000    0.02624000
   0.58875000    0.02484213
   0.59250000    0.02345570
   0.59625000    0.02208381
   0.60000000    0.02072949
   0.60375000    0.01939575
   0.60750000    0.01808556
   0.61125000    0.01680182
   0.61500000    0.01554739
   0.61875000    0.01432504
   0.62250000    0.01313750
   0.62625000    0.01198739
   0.63000000    0.01087728
   0.63375000    0.00980962
   0.63750000    0.00878680
   0.64125000    0.00781107
   0.64500000    0.00688460
   0.64875000    0.00600946
   0.65250000    0.00518758
   0.65625000    0.00442080
   0.66000000    0.00371080
   0.66375000    0.00305917
   0.66750000    0.00246736
   0.67125000    0.00193668
   0.67500000    0.00146830
   0.67875000    0.00106328
   0.68250000    0.00072250
   0.68625000    0.00044672
   0.69000000    0.00023656
   0.69375000    0.00009248
   0.69750000    0.00001480
   0.70125000    0.00000000
   0.70500000    0.00000000
   0.70875000    0.00000000
   0.71250000    0.00000000
   0.71625000    0.00000000
   0.72000000    0.00000000
   0.72375000    0.00000000
   0.72750000    0.00000000
   0.73125000    0.00000000
   0.73500000    0.00000000
   0.73875000    0.00000000
   0.74250000    0.00000000
   0.74625000    0.00000000
   0.75000000    0.00000000
   0.75375000    0.00000000
   0.75750000    0.00000000
   0.76125000    0.00000000
   0.76500000    0.00000000
   0.76875000    0.00000000
   0.77250000    0.00000000
   0.77625000    0.00000000
   0.78000000    0.00000000
   0.78375000    0.00000000
   0.78750000    0.00000000
   0.79125000    0.00000000
   0.79500000    0.00000000
   0.79875000    0.00000000
   0.80250000    0.00000000
   0.80625000    0.00000000
   0.81000000    0.00000000
   0.81375000    0.00000000
   0.81750000    0.00000000
   0.82125000    0.00000000
   0.82500000    0.00000000
   0.82875000    0.00000000
   0.83250000    0.00000000
   0.83625000    0.00000000
   0.84000000    0.00000000
   0.84375000    0.00000000
   0.84750000    0.00000000
   0.85125000    0.00000000
   0.85500000    0.00000000
   0.85875000    0.00000000
   0.86250000    0.00000000
   0.86625000    0.00000000
   0.87000000    0.00000000
   0.87375000    0.00000000
   0.87750000    0.00000000
   0.88125000    0.00000000
   0.88500000    0.00000000
   0.88875000    0.00000000
   0.89250000    0.00000000
   0.89625000    0.00000000
   0.90000000    0.00000000
   0.90375000    0.00000000
   0.90750000    0.00000000
   0.91125000    0.00000000
   0.91500000    0.00000000
   0.91875000    0.00000000
   0.92250000    0.00000000
   0.92625000    0.00000000
   0.93000000    0.00000000
   0.93375000    0.00000000
   0.93750000    0.00000000
   0.94125000    0.00000000
   0.94500000    0.00000000
   0.94875000    0.00000000
   0.95250000    0.00000000
   0.95625000    0.00000000
   0.96000000    0.00000000
   0.96375000    0.00000000
   0.96750000    0.00000000
   0.97125000    0.00000000
   0.97500000    0.00000000
   0.97875000    0.00000000
   0.98250000    0.00000000
   0.98625000    0.00000000
   0.99000000    0.00000000
   0.99375000    0.00000000
   0.99750000    0.00000000
   1.00125000    0.00000000
   1.00500000    0.00000000
   1.00875000    0.00000000
   1.01250000    0.00000000
   1.01625000    0.00000000
   1.02000000    0.00000000
   1.02375000    0.00000000
   1.02750000    0.00000000
   1.03125000    0.00000000
   1.03500000    0.00000000
   1.03875000    0.00000000
   1.04250000    0.00000000
   1.04625000    0.00000000
   1.05000000    0.00000000
   1.05375000    0.00000000
   1.05750000    0.00000000
   1.06125000    0.00000000
   1.06500000    0.00000000
   1.06875000    0.00000000
   1.07250000    0.00000000
   1.07625000    0.00000000
   1.08000000    0.00000000
   1.08375000    0.00000000
   1.08750000    0.00000000
   1.09125000    0.00000000
   1.09500000    0.00000000
   1.09875000    0.00000000
   1.10250000    0.00000000
   1.10625000    0.00000000
   1.11000000    0.00000000
   1.11375000    0.00000000
   1.11750000    0.00000000
   1.12125000    0.00000000
   1.12500000    0.00000000
   1.12875000    0.00000000
   1.13250000    0.00000000
   1.13625000    0.00000000
   1.14000000    0.00000000
   1.14375000    0.00000000
   1.14750000    0.00000000
   1.15125000    0.00000000
   1.15500000    0.00000000
   1.15875000    0.00000000
   1.16250000    0.00000000
   1.16625000    0.00000000
   1.17000000    0.00000000
   1.17375000    0.00000000
   1.17750000    0.00000000
   1.18125000    0.00000000
   1.18500000    0.00000000
   1.18875000    0.00000000
   1.19250000    0.00000000
   1.19625000    0.00000000
   1.20000000    0.00000000
   1.20375000    0.00000000
   1.20750000    0.00000000
   1.21125000    0.00000000
   1.21500000    0.00000000
   1.21875000    0.00000000
   1.22250000    0.00000000
   1.22625000    0.00000000
   1.23000000    0.00000000
   1.23375000    0.00000000
   1.23750000    0.00000000
   1.24125000    0.00000000
   1.24500000    0.00000000
   1.24875000    0.00000000
   1.25250000    0.00000000
   1.25625000    0.00000000
   1.26000000    0.00000000
   1.26375000    0.00000000
   1.26750000    0.00000000
   1.27125000    0.00000000
   1.27500000    0.00000000
   1.27875000    0.00000000
   1.28250000    0.00000000
   1.28625000    0.00000000
   1.29000000    0.00000000
   1.29375000    0.00000000
   1.29750000    0.00000000
   1.30125000    0.00000000
   1.30500000    0.00000000
   1.30875000    0.00000000
   1.31250000    0.00000000
   1.31625000    0.00000000
   1.32000000    0.00000000
   1.32375000    0.00000000
   1.32750000    0.00000000
   1.33125000    0.00000000
   1.33500000    0.00000000
   1.33875000    0.00000000
   1.34250000    0.00000000
   1.34625000    0.00000000
   1.35000000    0.00000000
   1.35375000    0.00000000
   1.35750000    0.00000000
   1.36125000    0.00000000
   1.36500000    0.00000000
   1.36875000    0.00000000
   1.37250000    0.00000000
   1.37625000    0.00000000
   1.38000000    0.00000000
   1.38375000    0.00000000
   1.38750000    0.00000000
   1.39125000    0.00000000
   1.39500000    0.00000000
   1.39875000    0.00000000
   1.40250000    0.00000000
   1.40625000    0.00000000
   1.41000000    0.00000000
   1.41375000    0.00000000
   1.41750000    0.00000000
   1.42125000    0.00000000
   1.42500000    0.00000000
   1.42875000    0.00000000
   1.43250000    0.00000000
   1.43625000    0.00000000
   1.44000000    0.00000000
   1.44375000    0.00000000
   1.44750000    0.00000000
   1.45125000    0.00000000
   1.45500000    0.00000000
   1.45875000    0.00000000
   1.46250000    0.00000000
   1.46625000    0.00000000
   1.47000000    0.00000000
   1.47375000    0.00000000
   1.47750000    0.00000000
   1.48125000    0.00000000
   1.48500000    0.00000000
   1.48875000    0.00000000
   1.49250000    0.00000000
   1.49625000    0.00000000
   1.50000000    0.00000000
401
   0.00000000    0.40000000
   0.00375000    0.40000000
   0.00750000    0.40000000
   0.01125000    0.40000000
   0.01500000    0.40000000
   0.01875000    0.40000000
   0.02250000    0.40000000
   0.02625000    0.40000000
   0.03000000    0.40000000
   0.03375000    0.40000000
   0.03750000    0.40000000
   0.04125000    0.40000000
   0.04500000    0.40000000
   0.04875000    0.40000000
   0.05250000    0.40000000
   0.05625000    0.40000000
   0.06000000    0.40000000
   0.06375000    0.40000000
   0.06750000    0.40000000
   0.07125000    0.40000000
   0.07500000    0.40000000
   0.07875000    0.40000000
   0.08250000    0.40000000
   0.08625000    0.40000000
   0.09000000    0.40000000
   0.09375000    0.40000000
   0.09750000    0.40000000
   0.10125000    0.40000000
   0.10500000    0.40000000
   0.10875000    0.40000000
   0.11250000    0.40000000
   0.11625000    0.40000000
   0.12000000    0.40000000
   0.12375000    0.40000000
   0.12750000    0.40000000
   0.13125000    0.40000000
   0.13500000    0.40000000
   0.13875000    0.40000000
   0.14250000    0.40000000
   0.14625000    0.40000000
   0.15000000    0.40000000
   0.15375000    0.40000000
   0.15750000    0.40000000
   0.16125000    0.40000000
   0.16500000    0.40000000
   0.16875000    0.40000000
   0.17250000    0.40000000
   0.17625000    0.40000000
   0.18000000    0.40000000
   0.18375000    0.40000000
   0.18750000    0.40000000
   0.19125000    0.40000000
   0.19500000    0.40000000
   0.19875000    0.40000000
   0.20250000    0.40000000
   0.20625000    0.40000000
   0.21000000    0.40000000
   0.21375000    0.40000000
   0.21750000    0.40000000
   0.22125000    0.40000000
   0.22500000    0.40000000
   0.22875000    0.40000000
   0.23250000    0.40000000
   0.23625000    0.40000000
   0.24000000    0.40000000
   0.24375000    0.40000000
   0.24750000    0.40000000
   0.25125000    0.40000000
   0.25500000    0.40000000
   0.25875000    0.40000000
   0.26250000    0.40000000
   0.26625000    0.40000000
   0.27000000    0.40000000
   0.27375000    0.40000000
   0.27750000    0.40000000
   0.28125000    0.40000000
   0.28500000    0.40000000
   0.28875000    0.40000000
   0.29250000    0.40000000
   0.29625000    0.40000000
   0.30000000    0.40000000
   0.30375000    0.40000000
   0.30750000    0.40000000
   0.31125000    0.40000000
   0.31500000    0.40000000
   0.31875000    0.40000000
   0.32250000    0.40000000
   0.32625000    0.40000000
   0.33000000    0.40000000
   0.33375000    0.40000000
   0.33750000    0.40000000
   0.34125000    0.40000000
   0.34500000    0.40000000
   0.34875000    0.40000000
   0.35250000    0.40000000
   0.35625000    0.40000000
   0.36000000    0.40000000
   0.36375000    0.40000000
   0.36750000    0.40000000
   0.37125000    0.40000000
   0.37500000    0.40000000
   0.37875000    0.40000000
   0.38250000    0.40000000
   0.38625000    0.40000000
   0.39000000    0.40000000
   0.39375000    0.40000000
   0.39750000    0.40000000
   0.40125000    0.40000000
   0.40500000    0.40000000
   0.40875000    0.40000000
   0.41250000    0.40000000
   0.41625000    0.40000000
   0.42000000    0.40000000
   0.42375000    0.40000000
   0.42750000    0.40000000
   0.43125000    0.40000000
   0.43500000    0.40000000
   0.43875000    0.40000000
   0.44250000    0.40000000
   0.44625000    0.40000000
   0.45000000    0.40000000
   0.45375000    0.40000000
   0.45750000    0.40000000
   0.46125000    0.40000000
   0.46500000    0.40000000
   0.46875000    0.40000000
   0.47250000    0.40000000
   0.47625000    0.40000000
   0.48000000    0.40000000
   0.48375000    0.40000000
   0.48750000    0.40000000
   0.49125000    0.40000000
   0.49500000    0.40000000
   0.49875000    0.40000000
   0.50250000    0.40000000
   0.50625000    0.40000000
   0.51000000    0.40000000
   0.51375000    0.40000000
   0.51750000    0.40000000
   0.52125000    0.40000000
   0.52500000    0.40000000
   0.52875000    0.40000000
   0.53250000    0.40000000
   0.53625000    0.40000000
   0.54000000    0.40000000
   0.54375000    0.40000000
   0.54750000    0.40000000
   0.55125000    0.40000000
   0.55500000    0.40000000
   0.55875000    0.40000000
   0.56250000    0.40000000
   0.56625000    0.40000000
   0.57000000    0.40000000
   0.57375000    0.40000000
   0.57750000    0.40000000
   0.58125000    0.40000000
   0.58500000    0.40000000
   0.58875000    0.40000000
   0.59250000    0.40000000
   0.59625000    0.40000000
   0.60000000    0.40000000
   0.60375000    0.40000000
   0.60750000    0.40000000
   0.61125000    0.40000000
   0.61500000    0.40000000
   0.61875000    0.40000000
   0.62250000    0.40000000
   0.62625000    0.40000000
   0.63000000    0.40000000
   0.63375000    0.40000000
   0.63750000    0.40000000
   0.64125000    0.40000000
   0.64500000    0.40000000
   0.64875000    0.40000000
   0.65250000    0.40000000
   0.65625000    0.40000000
   0.66000000    0.40000000
   0.66375000    0.40000000
   0.66750000    0.40000000
   0.67125000    0.40000000
   0.67500000    0.40000000
   0.67875000    0.40000000
   0.68250000    0.40000000
   0.68625000    0.40000000
   0.69000000    0.40000000
   0.69375000    0.40000000
   0.69750000    0.40000000
   0.70125000    0.40000000
   0.70500000    0.40000000
   0.70875000    0.40000000
   0.71250000    0.40000000
   0.71625000    0.40000000
   0.72000000    0.40000000
   0.72375000    0.40000000
   0.72750000    0.40000000
   0.73125000    0.40000000
   0.73500000    0.40000000
   0.73875000    0.40000000
   0.74250000    0.40000000
   0.74625000    0.40000000
   0.75000000    0.40000000
   0.75375000    0.40000000
   0.75750000    0.40000000
   0.76125000    0.40000000
   0.76500000    0.40000000
   0.76875000    0.40000000
   0.77250000    0.40000000
   0.77625000    0.40000000
   0.78000000    0.40000000
   0.78375000    0.40000000
   0.78750000    0.40000000
   0.79125000    0.40000000
   0.79500000    0.40000000
   0.79875000    0.40000000
   0.80250000    0.40000000
   0.80625000    0.40000000
   0.81000000    0.40000000
   0.81375000    0.40000000
   0.81750000    0.40000000
   0.82125000    0.40000000
   0.82500000    0.40000000
   0.82875000    0.40000000
   0.83250000    0.40000000
   0.83625000    0.40000000
   0.84000000    0.40000000
   0.84375000    0.40000000
   0.84750000    0.40000000
   0.85125000    0.40000000
   0.85500000    0.40000000
   0.85875000    0.40000000
   0.86250000    0.40000000
   0.86625000    0.40000000
   0.87000000    0.40000000
   0.87375000    0.40000000
   0.87750000    0.40000000
   0.88125000    0.40000000
   0.88500000    0.40000000
   0.88875000    0.40000000
   0.89250000    0.40000000
   0.89625000    0.40000000
   0.90000000    0.40000000
   0.90375000    0.40000000
   0.90750000    0.40000000
   0.91125000    0.40000000
   0.91500000    0.40000000
   0.91875000    0.40000000
   0.92250000    0.40000000
   0.92625000    0.40000000
   0.93000000    0.40000000
   0.93375000    0.40000000
   0.93750000    0.40000000
   0.94125000    0.40000000
   0.94500000    0.40000000
   0.94875000    0.40000000
   0.95250000    0.40000000
   0.95625000    0.40000000
   0.96000000    0.40000000
   0.96375000    0.40000000
   0.96750000    0.40000000
   0.97125000    0.40000000
   0.97500000    0.40000000
   0.97875000    0.40000000
   0.98250000    0.40000000
   0.98625000    0.40000000
   0.99000000    0.40000000
   0.99375000    0.40000000
   0.99750000    0.40000000
   1.00125000    0.40000000
   1.00500000    0.40000000
   1.00875000    0.40000000
   1.01250000    0.40000000
   1.01625000    0.40000000
   1.02000000    0.40000000
   1.02375000    0.40000000
   1.02750000    0.40000000
   1.03125000    0.40000000
   1.03500000    0.40000000
   1.03875000    0.40000000
   1.04250000    0.40000000
   1.04625000    0.40000000
   1.05000000    0.40000000
   1.05375000    0.40000000
   1.05750000    0.40000000
   1.06125000    0.40000000
   1.06500000    0.40000000
   1.06875000    0.40000000
   1.07250000    0.40000000
   1.07625000    0.40000000
   1.08000000    0.40000000
   1.08375000    0.40000000
   1.08750000    0.40000000
   1.09125000    0.40000000
   1.09500000    0.40000000
   1.09875000    0.40000000
   1.10250000    0.40000000
   1.10625000    0.40000000
   1.11000000    0.40000000
   1.11375000    0.40000000
   1.11750000    0.40000000
   1.12125000    0.40000000
   1.12500000    0.40000000
   1.12875000    0.40000000
   1.13250000    0.40000000
   1.13625000    0.40000000
   1.14000000    0.40000000
   1.14375000    0.40000000
   1.14750000    0.40000000
   1.15125000    0.40000000
   1.15500000    0.40000000
   1.15875000    0.40000000
   1.16250000    0.40000000
   1.16625000    0.40000000
   1.17000000    0.40000000
   1.17375000    0.40000000
   1.17750000    0.40000000
   1.18125000    0.40000000
   1.18500000    0.40000000
   1.18875000    0.40000000
   1.19250000    0.40000000
   1.19625000    0.40000000
   1.20000000    0.40000000
   1.20375000    0.40000000
   1.20750000    0.40000000
   1.21125000    0.40000000
   1.21500000    0.40000000
   1.21875000    0.40000000
   1.22250000    0.40000000
   1.22625000    0.40000000
   1.23000000    0.40000000
   1.23375000    0.40000000
   1.23750000    0.40000000
   1.24125000    0.40000000
   1.24500000    0.40000000
   1.24875000    0.40000000
   1.25250000    0.40000000
   1.25625000    0.40000000
   1.26000000    0.40000000
   1.26375000    0.40000000
   1.26750000    0.40000000
   1.27125000    0.40000000
   1.27500000    0.40000000
   1.27875000    0.40000000
   1.28250000    0.40000000
   1.28625000    0.40000000
   1.29000000    0.40000000
   1.29375000    0.40000000
   1.29750000    0.40000000
   1.30125000    0.40000000
   1.30500000    0.40000000
   1.30875000    0.40000000
   1.31250000    0.40000000
   1.31625000    0.40000000
   1.32000000    0.40000000
   1.32375000    0.40000000
   1.32750000    0.40000000
   1.33125000    0.40000000
   1.33500000    0.40000000
   1.33875000    0.40000000
   1.34250000    0.40000000
   1.34625000    0.40000000
   1.35000000    0.40000000
   1.35375000    0.40000000
   1.35750000    0.40000000
   1.36125000    0.40000000
   1.36500000    0.40000000
   1.36875000    0.40000000
   1.37250000    0.40000000
   1.37625000    0.40000000
   1.38000000    0.40000000
   1.38375000    0.40000000
   1.38750000    0.40000000
   1.39125000    0.40000000
   1.39500000    0.40000000
   1.39875000    0.40000000
   1.40250000    0.40000000
   1.40625000    0.40000000
   1.41000000    0.40000000
   1.41375000    0.40000000
   1.41750000    0.40000000
   1.42125000    0.40000000
   1.42500000    0.40000000
   1.42875000    0.40000000
   1.43250000    0.40000000
   1.43625000    0.40000000
   1.44000000    0.40000000
   1.44375000    0.40000000
   1.44750000    0.40000000
   1.45125000    0.40000000
   1.45500000    0.40000000
   1.45875000    0.40000000
   1.46250000    0.40000000
   1.46625000    0.40000000
   1.47000000    0.40000000
   1.47375000    0.40000000
   1.47750000    0.40000000
   1.48125000    0.40000000
   1.48500000    0.40000000
   1.48875000    0.40000000
   1.49250000    0.40000000
   1.49625000    0.40000000
   1.50000000    0.40000000
