101
   0.00000000    0.00000000
  -0.00007482    0.00124840
   0.00010977    0.00398806
   0.00071446    0.00655661
   0.00171939    0.00909646
   0.00311739    0.01162259
   0.00490244    0.01413815
   0.00706875    0.01664328
   0.00961061    0.01913695
   0.01252232    0.02161754
   0.01579817    0.02408303
   0.01943242    0.02653113
   0.02341931    0.02895933
   0.02775306    0.03136496
   0.03242783    0.03374520
   0.03743777    0.03609712
   0.04277698    0.03841770
   0.04843950    0.04070385
   0.05441937    0.04295242
   0.06071055    0.04516024
   0.06730696    0.04732412
   0.07420250    0.04944087
   0.08139099    0.05150731
   0.08886622    0.05352031
   0.09662194    0.05547676
   0.10465184    0.05737362
   0.11294958    0.05920793
   0.12150874    0.06097680
   0.13032290    0.06267741
   0.13938556    0.06430709
   0.14869020    0.06586323
   0.15823025    0.06734337
   0.16799909    0.06874516
   0.17799009    0.07006638
   0.18819656    0.07130495
   0.19861179    0.07245891
   0.20922902    0.07352648
   0.22004150    0.07450600
   0.23104242    0.07539595
   0.24222495    0.07619499
   0.25358226    0.07690189
   0.26510748    0.07751562
   0.27679375    0.07803526
   0.28863418    0.07846004
   0.30062186    0.07878937
   0.31274991    0.07902277
   0.32501142    0.07915992
   0.33739948    0.07920064
   0.34990718    0.07914487
   0.36252764    0.07899272
   0.37525395    0.07874439
   0.38807924    0.07840022
   0.40098871    0.07796074
   0.41388912    0.07743984
   0.42686930    0.07684842
   0.43992276    0.07618768
   0.45304302    0.07545887
   0.46622363    0.07466329
   0.47945810    0.07380229
   0.49274000    0.07287726
   0.50606289    0.07188964
   0.51942032    0.07084089
   0.53280589    0.06973251
   0.54621318    0.06856602
   0.55963580    0.06734297
   0.57306735    0.06606494
   0.58650147    0.06473350
   0.59993179    0.06335026
   0.61335195    0.06191683
   0.62675561    0.06043485
   0.64013644    0.05890595
   0.65348813    0.05733178
   0.66680436    0.05571401
   0.68007884    0.05405430
   0.69330528    0.05235432
   0.70647741    0.05061578
   0.71958896    0.04884037
   0.73263368    0.04702980
   0.74560532    0.04518580
   0.75849766    0.04331011
   0.77130448    0.04140450
   0.78401956    0.03947076
   0.79663671    0.03751067
   0.80914974    0.03552608
   0.82155246    0.03351885
   0.83383873    0.03149087
   0.84600237    0.02944406
   0.85803726    0.02738039
   0.86993724    0.02530187
   0.88169622    0.02321055
   0.89330807    0.02110852
   0.90476671    0.01899794
   0.91606604    0.01688099
   0.92720000    0.01475995
   0.93816253    0.01263712
   0.94894759    0.01051487
   0.95954913    0.00839566
   0.96996114    0.00628196
   0.98017762    0.00417636
   0.99019256    0.00208147
   1.00000000   -0.00000000
101
   0.00000000    0.00000000
   0.00017383   -0.00123850
   0.00089633   -0.00388752
   0.00199439   -0.00628619
   0.00347542   -0.00857867
   0.00533417   -0.01078190
   0.00756424   -0.01290120
   0.01015897   -0.01493906
   0.01311166   -0.01689700
   0.01641557   -0.01877609
   0.02006399   -0.02057720
   0.02405022   -0.02230104
   0.02836758   -0.02394826
   0.03300945   -0.02551946
   0.03796921   -0.02701523
   0.04324029   -0.02843612
   0.04881618   -0.02978271
   0.05469038   -0.03105559
   0.06085644   -0.03225537
   0.06730797   -0.03338268
   0.07403860   -0.03443822
   0.08104203   -0.03542272
   0.08831198   -0.03633696
   0.09584225   -0.03718179
   0.10362665   -0.03795812
   0.11165907   -0.03866693
   0.11993343   -0.03930929
   0.12844368   -0.03988632
   0.13718385   -0.04039923
   0.14614799   -0.04084932
   0.15533020   -0.04123797
   0.16472462   -0.04156663
   0.17432543   -0.04183684
   0.18412684   -0.04205023
   0.19412310   -0.04220850
   0.20430851   -0.04231343
   0.21467737   -0.04236688
   0.22522403   -0.04237078
   0.23594285   -0.04232713
   0.24682824   -0.04223798
   0.25787460   -0.04210547
   0.26907636   -0.04193176
   0.28042797   -0.04171909
   0.29192388   -0.04146971
   0.30355855   -0.04118595
   0.31532647   -0.04087013
   0.32722209   -0.04052460
   0.33923990   -0.04015175
   0.35137437   -0.03975396
   0.36361997   -0.03933360
   0.37597117   -0.03889307
   0.38842241   -0.03843473
   0.40097606   -0.03796085
   0.41371293   -0.03746100
   0.42653176   -0.03692763
   0.43942660   -0.03636257
   0.45239152   -0.03576766
   0.46542054   -0.03514468
   0.47850769   -0.03449543
   0.49164701   -0.03382166
   0.50483249   -0.03312511
   0.51805814   -0.03240744
   0.53131795   -0.03167032
   0.54460590   -0.03091535
   0.55791596   -0.03014406
   0.57124208   -0.02935796
   0.58457821   -0.02855850
   0.59791828   -0.02774705
   0.61125623   -0.02692494
   0.62458595   -0.02609344
   0.63790136   -0.02525373
   0.65119634   -0.02440696
   0.66446476   -0.02355420
   0.67770051   -0.02269646
   0.69089742   -0.02183468
   0.70404936   -0.02096975
   0.71715015   -0.02010250
   0.73019361   -0.01923369
   0.74317356   -0.01836403
   0.75608380   -0.01749419
   0.76891811   -0.01662477
   0.78167029   -0.01575634
   0.79433410   -0.01488942
   0.80690330   -0.01402449
   0.81937163   -0.01316200
   0.83173283   -0.01230237
   0.84398063   -0.01144600
   0.85610873   -0.01059325
   0.86811085   -0.00974449
   0.87998066   -0.00890006
   0.89171186   -0.00806031
   0.90329810   -0.00722557
   0.91473304   -0.00639618
   0.92601032   -0.00557250
   0.93712357   -0.00475490
   0.94806640   -0.00394375
   0.95883242   -0.00313947
   0.96941523   -0.00234248
   0.97980838   -0.00155323
   0.99000546   -0.00077223
   1.00000000    0.00000000
